59789.19
59789.19
59780
59769.54
59770.08
59760.85
59760.65
59764.19
59764.19
59764.19
59778.42
59777.03
59771.28
59777.26
59779.93
59779.93
59790.04
59808.04
59821.57
59817.86
59817.86
59817.86
59852.7
59852.7
59858.68
59867.14
59853.29
59847.36
59842.94
59842.94
59845.4
59845.4
59829.04
59837.21
59822.82
59810.97
59810.97
59821.47
59823.36
59836.8
59823.73
59823.08
59811.6
59811.6
59819.3
59819.3
59819.3
59808.55
59808.55
59801.16
59797.49
59795.24
59797.66
59797.66
59794.81
59794.81
59783.41
59773.6
59770.4
59771.85
59770.11
59766.77
59766.34
59766.34
59763.11
59760.84
59760.83
59733.88
59732.1
59732.1
59728.63
59740.36
59756.98
59756.98
59763.11
59763.11
59760.83
59760.83
59748.5
59748.5
59760.83
59760.83
59760.83
59768.22
59768.46
59769.97
59771.87
59771.87
59750.38
59750.38
59750.38
59749.75
59749.75
59748.49
59749.75
59750.38
59750.38
59763.09
59763.08
59763.08
59763.08
59763.08
59791.41
59791.98
