59959
59960.2
59944.96
59944.96
59938.78
59946.87
59946.87
59945.57
59945.57
59942.23
59943.53
59940.11
59943.53
59943.53
59939.37
59939.39
59883.27
59883.27
59883.73
59870.4
59850
59850
59850
59833.7
59830.9
59836.92
59830.11
59830.13
59812.82
59827.36
59819.72
59847.06
59847.78
59886.33
59876.92
59874.91
59863.28
59869.1
59869.1
59889.35
59895.38
59910.47
59911.54
59922.48
59934.49
59927.25
59881.93
59875.21
59851.34
59854.07
59854.05
59851.66
59867.74
59869.99
59870
59870
59870
59870
59870
59871.03
59886.33
59886.33
59886.34
59886.34
59898.89
59900
59900
59906.64
59906.64
59906.64
59906.64
59910.78
59929.21
59938.78
59947.98
59945.05
59926.21
59926.3
59900.71
59914.39
59910.16
59900.71
59900.01
59898.89
59866.3
59860.37
59858.77
59842.09
59842.09
59845.2
59840.55
59831.03
59835.83
59830.08
59824.7
59831.25
59827.36
59846.52
59839.61
59834.79
59834.79
59838.17
59838.43
59859.48
59856.54
59856.55
59856.55
59870.21
59870.21
59857.39
59857.39
59862.58
59854.17
59864.05
59863.72
59858.86
59864.71
59864.71
59866.48
59892.73
59887.73
59887.73
59887.72
59887.72
59875.06
59872.35
59866.31
59866.3
59864.39
59864.39
59864.39
59857.92
59854.28
59854.28
59854.32
59854.32
59856.17
59855.84
59855.84
59855.9
59856.22
59856.22
59856.11
59859.25
59887.73
59887.73
59892.94
59900
59899.77
59897.07
59897.07
59897.07
59897.07
59897.07
59909.74
59920
59929.87
59929.87
59929.87
59929.86
59929.87
59944.73
59944.73
59960.54
59960.54
59992.17
59998.14
59998.24
59997.94
59998.24
60032.99
60023.98
60032.74
60089.96
60089.96
60100.01
60100.01
60082.7
60104.96
60119.02
60119.02
60119.02
60136.67
60121.59
60133.77
60133.77
60135.74
60135.74
60158.61
60157.61
60170.73
60172.75
60172.44
60172.76
60186.51
60175.77
60194.13
60218.12
60218.1
60226.81
60237.54
60235.47
60191.58
60186.71
60175.44
60175.44
60182.53
60182.53
60182.03
60182.02
60182.03
60188.49
60188.49
60195.54
60167.64
60167.64
60157.83
60157.83
60157.84
60185.08
60182.93
60182.93
60186.89
60186.89
60183.6
60192.47
60192.47
60189.2
60190.87
60209.41
60209.41
60220.19
60226.62
60226.62
60245
60245
60264.6
60286.84
60286.86
60291.82
60291.82
60296.96
60307.65
60307.65
60303.14
60305.41
60269.04
60310.04
60310.04
60303.57
60304.25
60312.86
60318.88
60325
60329.34
60325.39
60349.99
60349.99
60365.73
60344.14
60344.14
60359.77
60361.64
60412.3
60397.51
60395.9
60412.31
60412.31
60454.74
60439.74
60423.73
60435.99
60422.74
60435.98
60436.87
60413.08
60400.87
60392.21
60392.21
60390.16
60390.16
60419.46
60410.71
60410.71
60400
60400.01
60418.11
60418.11
60418.11
60426.43
60433.53
60433.53
60400.01
60400.01
60407.36
60408.01
60420.66
60435.63
60435.63
60439.68
60439.68
60439.68
60411.23
60424.3
60431.55
60431.55
60412.3
60412.3
60400.01
60400.01
60406.62
60400
60406.63
60406.63
60406.63
60407.48
60385.21
60378.43
60378.43
60378.42
60352.1
60342.83
60337.15
60337.15
60337.15
60343.63
60337.43
60337.42
60337.42
60337.43
60331.61
60340.27
60340.27
60355.24
60355.24
60370.94
60366.94
60366.94
60390.51
60390.5
60390.5
60387.3
60377.56
60377.56
60360.7
60360.7
60368.81
60367.08
60366.33
60369.2
60391.66
60393.69
60393.66
60390.16
60379.68
60384.94
60405.62
60402.06
60402.06
60390.75
60388.79
60388.79
60385.97
60389.53
60391.01
60392.7
60392.25
60384.96
60369.2
60369.2
60362.93
60362.93
60362.94
60362.95
60376.35
60384.02
60384.02
60384.14
60386.42
60386.42
60386.42
60386.42
60386.41
60395.56
60395.55
60404.1
60404.1
60407.22
60376.72
60362.62
60360.71
60360.71
60338.2
60337.43
60337.44
60337.44
60337.44
60338.62
60346.99
60355.08
60355.08
60347.76
60340.68
60347.73
60347.74
60347.73
60347.73
60361.29
60361.29
60358.99
60353.57
60341.31
60342.89
60343.22
60337.1
60331.61
60321.7
60305.26
60305.26
60319.5
60321.03
60321.03
60324.67
60324.68
60324.68
60324.66
60324.66
60322.25
60305.25
60305.25
60318.62
60318.62
60318.62
60301.53
60301.53
60301.53
60297.38
60285.68
60286.87
60285.67
60285.03
60285.01
60257.51
60257.51
60263.36
60256.83
60254.18
60261.02
60258.51
60258.88
60258.51
60255.67
60231.2
60194.36
60194.36
60166.26
60170.37
60164.98
60164.98
60180.65
60196.63
60190.5
60190.5
60166.28
60145.44
60145.88
60139.8
60138.19
60138.19
60137.66
60153.14
60151.02
60139.26
60149.02
60139.12
60139.12
60130.26
60130.26
60159.43
60162.12
60172.79
60181.45
60173.29
60181.06
60198.89
60194.29
60198.68
60204.91
60201.41
60204.91
60210.69
60210.69
60231.06
60231.06
60248.53
60248.53
60266.72
60253.55
60252.01
60256.1
60256.1
60256.09
60242.56
60242.56
60284.99
60280.89
60300.04
60301.54
60301.54
60307.13
60301.54
60301.54
60284.99
60284.99
60284.99
60284.99
60268.48
60298.29
60314.85
60305.92
60305.92
60292.62
60293.74
60284.14
60267.74
60267.74
60268
60268
60270.58
60270.57
60270.57
60252.01
60252.01
60246.02
60251.03
60246.97
60243.61
60250.48
60256.3
60257.47
60257.47
60249.81
60246.86
60246.87
60246.87
60234.94
60211.83
60209.77
60200.19
60200.19
60179.69
60153.79
60198.86
60180.07
60179.13
60178.79
60168.9
60168.9
60159.39
60150.77
60126.31
60126.31
60117.54
60117.52
60100.01
60100.01
60092.63
60090.4
60084.7
60090.24
60093.38
60092.48
60089.32
60075.16
60080.9
60048.26
60076.56
60076.56
60088.27
60088.27
60079.82
60105.29
60105.29
60099.2
60099.2
60085.69
60084.26
60076.52
60076.52
60077.3
60077.3
60061.73
60061.73
60027.61
60027.61
60000.42
59998.24
59979.9
60020.23
60030.83
60030.83
60032.98
60030.83
60006.14
59996.16
59996.16
60005.02
59999
60016.12
60008
60008
60003.95
60003.95
60003.95
59993.34
60004.29
60004.29
60017.35
60017.35
60027.45
60034.57
60034.06
60044.02
60046.09
60064.52
60066.8
60051.55
60051.55
60059.28
60054.92
60054.92
60044.64
60040.3
60040.3
60043.97
60043.97
60034.5
60034.5
60021.97
60017.9
60018.15
60020.46
60017.36
60017.36
60021.97
60035.74
60034.23
60019.48
60032.09
60032.09
60035.74
60035.74
60048.6
60048.6
60048.59
60048.6
60032.09
60022.84
60009.89
60009.89
60009.89
60009.88
60003.88
60008.93
60004.44
60004.44
60004.43
60025.2
60021.03
60007.31
60007.31
60011.21
60011.21
60007.26
60009.46
60009.46
